2.490000000000000000e+02 8.500000000000000000e+01
2.000000000000000000e+02 1.630000000000000000e+02
1.911849529780564581e+02 1.402957904164800880e+02
2.716736453201971244e+02 1.354340573219883481e+02
3.121880877742947860e+02 6.899037169726824459e+01
2.365611285266458026e+02 1.899935064935065157e+02
3.011154276757724801e+02 1.437400358262427744e+02
2.734620465741154476e+02 1.506533811016570326e+02
2.879800716524854352e+02 1.596407299596955340e+02
3.013842364532019928e+02 1.446173309449171711e+02
3.019244290192566496e+02 1.559613748320645072e+02
3.229919390953874654e+02 1.300321316614420084e+02
3.019244290192566496e+02 1.835111957008508625e+02
3.300144424540976615e+02 1.397555978504254313e+02
3.349908195253021859e+02 1.499620465741156181e+02
3.260034706672637412e+02 1.575667263770712339e+02
3.510819525302284774e+02 1.321929019256605784e+02
3.289340573219884618e+02 1.802700403045230928e+02
3.581044558889387872e+02 1.343536721898790915e+02
3.645867666815943267e+02 1.408359829825346878e+02
3.537829153605016472e+02 1.554211822660098505e+02
3.764710031347963195e+02 1.365144424540976615e+02
3.721494626063592932e+02 1.532604120017913374e+02
3.905160098522168255e+02 1.392154052843708314e+02
3.635063815494851269e+02 1.883729287953426024e+02
3.527025302283923338e+02 1.835111957008508625e+02
3.602652261531573004e+02 1.678456112852664432e+02
4.200249664128973563e+02 1.630974025974026631e+02
4.691097178683385209e+02 2.239348410210479869e+02
4.165682937751903410e+02 3.276350201522616317e+02
2.706967084639497898e+02 3.248696820420958602e+02
1.312235781459919508e+02 3.331445364979848023e+02
1.636351321092700459e+02 2.229452530228392391e+02
2.084711150918047906e+02 2.159227496641289861e+02
2.117122704881326172e+02 2.472539184952978246e+02
1.798409090909091219e+02 2.866879758172862012e+02
1.598537841468876195e+02 3.088358710255262167e+02
1.441881997313032002e+02 3.109966412897447299e+02
1.512107030900134532e+02 2.958712494402149673e+02
1.911849529780564581e+02 3.093760635915808734e+02
2.541046798029556157e+02 3.179563367666816589e+02
2.817580609046125346e+02 2.674889162561576654e+02
2.734620465741154476e+02 2.066514778325123984e+02
2.416606583072100420e+02 2.059601433049709271e+02
2.236859605911329254e+02 2.571188983430363351e+02
2.382039856695029130e+02 3.117343260188088152e+02
2.713880429914912611e+02 2.999816390506045991e+02
3.008440438871474498e+02 2.251060232870577806e+02
3.300144424540976615e+02 2.099806314375279896e+02
3.451398343036274809e+02 2.294275638154948638e+02
3.294742498880431185e+02 2.667008508732646987e+02
2.959823107926556531e+02 3.093760635915808734e+02
2.846382669055083170e+02 3.136976041200178997e+02
2.916607702642186268e+02 2.947908643081057107e+02
3.408182937751904547e+02 3.099162561576354733e+02
3.948375503806539655e+02 3.120770264218540433e+02
4.099629422301836712e+02 2.807458575906852047e+02
3.753906180026870061e+02 2.558969995521719909e+02
3.926767801164353386e+02 2.548166144200627059e+02
4.078021719659651581e+02 2.251060232870577806e+02
3.883552395879983123e+02 2.045787057769816499e+02
3.678279220779221532e+02 2.143021719659650728e+02
3.678279220779221532e+02 2.288873712494402355e+02
